prefix: 
  center: [153.2620833, -1.6147221]

data:
  xmin: 149.75
  xmax: 156.80
  ymin: -2.50
  ymax: 1.70

process:
  gridtick: 0.05
  areatick: 0.025

structure:
  priormin: [149.75, -2.50, -90, 0, 0, 0]
  priormax: [156.80, 1.70, 90, 1, 50, 150]

